# id	left	top	right	bottom	texture_id
[SPRITES]
#brick
20001	372	153	387	168	20
20002	372	153	387	168	20

#cloud brick
24001	354	243	369	258	20

#wood brick
23001	408	225	423	240	20

#glass brick
22001	300	135	315	150	20
22002	318	135	333	150	20
22003	336	135	351	150	20
22004	354	135	369	150	20
22005	372	135	387	150	20

#prize block
21001	300	117	315	132	20
21002	318	117	333	132	20
21003	336	117	351	132	20
21004	354	117	369	132	20
21005	372	117	387	132	20


#mushroom
21101	299	189	316	204	20

# ani_id	sprite1_id	time1	sprite2_id	time2	...
[ANIMATIONS]
#brick
10000	20001	1000

#glass brick
10003	22001	100	22002	100	22003	100	22004	100	22005	100

#prize block
10001	21001	100	21002	100	21003	100	21004	100
10002	21005	1000

#mushroom
11100	21101	1000