# id	left	top	right	bottom	texture_id
[SPRITES]
#WALK
31001	4	13	22	30	10
31002	24	13	42	30	10

#DIE
32001	44	19	62	30	10
#Upside down
33001	459	869	474	886	12

#PARA-GOOMBA

#upside down
33301	459	869	474	886	14

#WALK
33101	4	13	22	30	13
33102	24	13	42	30	13

#DIE
33201	44	19	62	30	13

#WING-WALK
34101	65	13	83	30	13
34102	87	13	105	30	13
#FLY
34201	110	5	130	30	13
34202	134	5	154	30	13

# ani_id	sprite1_id	time1	sprite2_id	time2	...
[ANIMATIONS]
5000	31001	100	31002	100
5001	32001	100
5002	33001	100

5100	33101	100	33102	100
5101	33201	100
5102	33301	100
5103	34201	100	34202	100
5104	34101	100	34102	100