# id	left	top	right	bottom	texture_id
[SPRITES]
#WALK
71001	6	130	22	156	10
71002	27	130	43	156	10
71003	435	130	451	156	11
71004	458	130	474	156	11

#DIE
72001	49	138	65	154	10
72002	72	138	88	154	10


# paratroopa
#fly left
33101	93	129	108	156	10
33102	114	129	129	156	10
33103	135	129	151	156	10
33104	156	128	172	156	10

#fly right
33105	371	130	386	156	11
33106	350	129	365	156	11
33107	329	129	344	156	11
33108	307	128	322	156	11

# ani_id	sprite1_id	time1	sprite2_id	time2	...
[ANIMATIONS]
6000	71001	300	71002	300
6001	71003	300	71004	300
6002	72001	100
6003	72001	100
6004	72001	100	72002	100

6100	33101	100	33103	100	33102	100	33104	100
6101	33105	100	33107	100	33106	100	33108	100