# id	left	top	right	bottom	texture_id
[SPRITES]
#####  BIG ###############
#IDLE
11121	246	154	259	181	0
11111	186	154	199	181	0

11129	246	154	259	193	0
11119	186	154	199	193	0

#WALKING RIGHT
11222	275	154	290	181	0
11223	304	154	321	181	0

#WALKING LEFT
11212	155	154	170	181	0
11213	125	154	140	181	0

#RUNNING RIGHT
11321	334	154	355	181	0
11322	334	154	355	181	0
11323	392	154	413	181	0

#RUNNING LEFT
11311	91	154	112	181	0
11312	65	154	86	181	0
11313	34	154	55	181	0

#JUMP WALK RIGHT
11417	395	275	412	302	0
11413	35	275	52	302	0

#JUMP RUN RIGHT & LEFT
11427	394	195	413	222	0
11423	35	195	52	222	0

#SIT RIGHT & LEFT 
11521	426	239	441	256	0
11511	5	239	20	256	0

#BRACE RIGHT & LEFT 
11621	425	154	442	181	0
11611	5	154	22	181	0

#DIE
13001	215	120	234	137	0

#KICK RIGHT & LEFT
14001	422	273	443	301	0
14000	1	273	22	301	0

#HOLD STAND RIGHT & LEFT(width = 15, height = 27)
11800	335	234	350	261	0
11801	95	234	110	261	0
#HOLD RUN RIGHT(width = 15, height = 27)
11820	154	313	171	342	0
11821	124	313	141	342	0
#HOLD RUN LEFT
11810	275	313	292	342	0
11811	304	315	321	342	0

############ SMALL ################
 #IDLE
12121	247	0	260	15	0
12111	187	0	200	15	0

#WALK RIGHT
12222	275	0	292	15	0
12223	306	0	321	15	0

#WALK LEFT
12212	155	0	170	15	0
12213	125	0	140	15	0

#RUN RIGHT
12321	275	0	290	15	0
12322	306	0	321	15	0
12323	335	0	350	15	0

#RUN LEFT
12311	155	0	170	15	0
12312	125	0	140	15	0
12313	95	0	110	15	0

#BRACE RIGHT & LEFT
12511	6	0	19	15	0
12521	426	0	439	15	0

#JUMP WALK RIGHT & LEFT 
12413	35	80	50	95	0
12417	395	80	410	95	0

#JUMP RUN RIGHT & LEFT 
12423	65	40	80	55	0
12427	365	40	380	55	0

#KICK RIGHT & LEFT
12500	424	79	441	95	0
12501	5	79	22	95	0

#Hold RIGHT (width = 13, height = 17)
12600	155	120	170	135	0
12601	275	120	290	135	0
#Hold LEFT
12700	185	120	200	135	0
12701	245	120	260	135	0

# ani_id	sprite1_id	time1	sprite2_id	time2	...
[ANIMATIONS]
400	11121	100
401	11111	100

#WALKING RIGHT & LEFT 
500	11121	100	11222	100	11223	100
501	11111	100	11212	100	11213	100

#RUNNING RIGHT & LEFT
600	11321	50	11322	50	11323	50
601	11311	50	11312	50	11313	50

#JUMP WALK
700	11417	100
701	11413	100

#JUMP RUN
800	11427	100
801	11423	100

#SIT RIGHT & LEFT 
900	11521	100
901	11511	100

#BRACE RIGHT & LEFT 
1000	11621	100
1001	11611	100

#DIE
999	13001	100

#KICK RIGHT & LEFT
1010	14000	100
1011	14001	100

#Hold RUN RIGHT & LEFT
1004	11800	100	11820	100	11821	100
1005	11801	100	11810	100	11811	100
#Hold Stand RIGHT & LEFT
1006	11800	100
1007	11801	100
#HOLD JUM RIGHT & LEFT
1008	11821	100
1009	11811	100

################### SMALL #################
1100	12121	100
1102	12111	100


#WALK LEFT & RIGHT 
1200	12121	100	12222	100	12223	100
1201	12111	100	12212	100	12213	100

#RUN LEFT & RIGHT
1300	12321	100	12322	100	12323	100
1301	12311	100	12312	100	12313	100

#BRACE LEFT & RIGHT
1401	12511	100
1400	12521	100

#JUMP WALK
1500	12417	100
1501	12413	100

#JUMP RUN 
1601	12423	100
1600	12427	100

#KICK RIGHT & LEFT
1701	12500	100
1700	12501	100

#TRANSFORM TO BIG
1800	12121	100	11129	100
1801	12111	100	11119	100

#HOLD RUN RIGHT & LEFT
1650	12600	100	12601	100
1651	12700	100	12701	100
#HOLD JUMP RIGHT & LEFT
1652	12601	100
1653	12701	100
#Hold STAND RIGHT & LEFT
1660	12700	100
1661	12600	100
