# list of object assets to load in this scene
[ASSETS]
mario.txt
coin.txt
cloud.txt
brick.txt
bush.txt
koopa.txt
goomba.txt
semiwood.txt
background-cloud.txt
pipe-rectangle.txt
decoration.txt
#
[OBJECTS]
# type	x	y	extra_settings per object type
# type: 0 = Mario , 1 = Brick, 2 = Goomba, 3 = Koopas
# See OBJECT_TYPE constants in AssetIDs.h

#bush
#id	x	y	cell_w	cell_h	width	height	id_top_1	id_top_2	id_top_3	type (0 - platform, 1- decoration)	allow_mario_to_go_through (0 - false, 1 - true)
#big bush
8	49	135	15	15	2	2	61100	61100	61101	61102	61102	61103	61102	61102	61103	1	1
8	79	150	15	15	2	3	61100	61100	61101	61104	61102	61103	61102	61102	61103	1	1
8	49	165	15	15	2	2	61104	61104	61104	61104	61104	61104	61104	61104	61104	1	1
8	33	150	15	15	2	3	61100	61100	61101	61102	61102	61104	61102	61102	61104	1	1
8	49	165	15	15	2	2	61100	61100	61101	61104	61104	61104	61104	61104	61104	1	1
8	110	150	15	15	2	3	61100	61100	61101	61102	61102	61104	61102	61102	61104	1	1
8	95	180	15	15	2	2	61100	61100	61101	61104	61104	61104	61104	61104	61104	1	1
8	125	165	15	15	2	2	61100	61100	61101	61104	61104	61104	61104	61104	61103	1	1

8	879	120	15	15	2	2	61100	61100	61101	61104	61104	61104	61104	61104	61103	1	1
8	879	150	15	15	2	2	61104	61104	61104	61104	61104	61104	61104	61104	61104	1	1
8	832	135	15	15	2	3	61100	61100	61101	61102	61102	61104	61102	61102	61104	1	1
8	864	135	15	15	2	3	61100	61100	61101	61102	61102	61104	61102	61102	61104	1	1
8	849	150	15	15	2	2	61100	61100	61101	61104	61104	61104	61104	61104	61104	1	1
8	817	165	15	15	2	2	61100	61100	61101	61104	61104	61104	61104	61104	61104	1	1
8	879	150	15	15	2	2	61100	61100	61101	61104	61104	61104	61104	61104	61104	1	1
8	909	135	15	15	2	3	61100	61100	61101	61104	61104	61103	61104	61104	61103	1	1

8	953	135	15	15	2	3	61100	61100	61101	61102	61104	61103	61104	61104	61103	1	1
8	968	150	15	15	2	2	61100	61100	61101	61104	61104	61104	61104	61104	61103	1	1
8	939	165	15	15	2	2	61100	61100	61101	61104	61104	61104	61104	61104	61103	1	1

#small bush
8	160	180	15	15	3	1	61001	61001	61001	61001	61001	61001	61001	61001	61001	1	1
8	1040	165	15	15	3	1	61001	61001	61001	61001	61001	61001	61001	61001	61001	1	1
8	672	165	15	15	6	1	61001	61001	61001	61001	61001	61001	61001	61001	61001	1	1


#Rectangle
#id	x	y	cell_w	cell_h	width	height	id_top_1	id_top_2	id_top_3	type (0 - platform, 1- decoration)	allow_mario_to_go_through (0 - false, 1 - true)
#white
8	512	84	15	15	5	8	46031	46032	46033	46034	46035	46036	46037	46038	46039	0	1
#blu
8	272	116	15	15	3	5	46011	46012	46013	46014	46015	46016	46017	46018	46019	0	1
#pink
8	240	148	15	15	3	3	46001	46002	46003	46004	46005	46006	46007	46008	46009	0	1
8	464	116	15	15	4	5	46001	46002	46003	46004	46005	46006	46007	46008	46009	0	1
#green
8	400	148	15	15	5	3	46021	46022	46023	46024	46025	46026	46027	46028	46029	0	1
8	512	164	15	15	6	2	46021	46022	46023	46024	46025	46026	46027	46028	46029	0	1

#cloud
#id	x	y	cell_w	cell_h	width	height	id_top_1	id_top_2	id_top_3	type (0 - platform, 1- decoration)	allow_mario_to_go_through (0 - false, 1 - true)
8	120	53	15	15	4	2	60100	60101	60102	60100	60100	60100	60200	60201	60202	1	1
8	328	37	15	15	3	2	60100	60101	60102	60100	60100	60100	60200	60201	60202	1	1
8	648	53	15	15	3	2	60100	60101	60102	60100	60100	60100	60200	60201	60202	1	1
8	728	85	15	15	5	2	60100	60101	60102	60100	60100	60100	60200	60201	60202	1	1



# MARIO
0	300	100

#prize block
#id	x	y	type_of_prize
#1 for mushroom
#other for coin
10	176	132	0
10	192	132	0
10	224	84	0
10	240	84	1
10	656	164	1
10	416	100	0
10	704	132	0


#Goomba x	y	type(normal = 1, Red: 2) level(normal: 1, wing: 2)
2	224	160
2	528	160
2	832	165
2	880	165

#Paragoomba
14	944	162

#Koopa
#id	x	y	color(0-red, others-green)
3	577	139	0

#Pipe
#id	x	y	w	h	height	id1	id2	id3 id4 plant_type
# 0 - piranha, 1 - venus fire trap, other - None
9	352	149	15	15	3	45001	45002	45101	45102	1

# rectangle (use as platform)
8	630	180	15	15	32	2	51000	52000	53000	53100	53200	53300	53100	53200	53300	0	0

16	400	100

#Platform
#id	x	y	w	h	length	id1	id2	id3
5 	0	195	15	15	42	51000	52000	53000

